V =

  -0.5000 + 0.0000i  -0.0000 - 0.5000i  -0.0000 + 0.5000i   0.5000 + 0.0000i
   0.5000 + 0.0000i   0.5000 - 0.0000i   0.5000 + 0.0000i   0.5000 + 0.0000i
  -0.5000 + 0.0000i  -0.0000 + 0.5000i  -0.0000 - 0.5000i   0.5000 + 0.0000i
   0.5000 + 0.0000i  -0.5000 + 0.0000i  -0.5000 + 0.0000i   0.5000 + 0.0000i

D =

 -10.0000 + 0.0000i   0.0000 + 0.0000i   0.0000 + 0.0000i   0.0000 + 0.0000i
   0.0000 + 0.0000i   2.0000 + 2.0000i   0.0000 + 0.0000i   0.0000 + 0.0000i
   0.0000 + 0.0000i   0.0000 + 0.0000i   2.0000 - 2.0000i   0.0000 + 0.0000i
   0.0000 + 0.0000i   0.0000 + 0.0000i   0.0000 + 0.0000i   2.0000 + 0.0000i

