function P = petunia()
% USGS Digital Spectral Library splib05a
% Clark et. al. 2003, USGS, Open File Report 03-395.

% Flower Petunia-1             W1R1Fa AREF
% 390 nm - 730 nm

P = [0.0358210
  0.0476500
  0.0619550
  0.0734340
  0.0834790
  0.0916360
  0.0961370
  0.0976420
  0.0968610
  0.0943520
  0.0908830
  0.0865940
  0.0815980
  0.0759210
  0.0692710
  0.0619080
  0.0540030
  0.0459040
  0.0382170
  0.0313990
  0.0253430
  0.0203930
  0.0165670
  0.0136620
  0.0115510
  0.0101600
  0.0093250
  0.0087810
  0.0085310
  0.0084350
  0.0085100
  0.0087360
  0.0092010
  0.0100260
  0.0114580
  0.0138950
  0.0179350
  0.0244740
  0.0345590
  0.0491200
  0.0686950
  0.0946340
  0.1240290
  0.1551250
  0.1863180
  0.2174440
  0.2467840
  0.2720830
  0.2938640
  0.3132150
  0.3298740
  0.3428580
  0.3527110
  0.3611530
  0.3678730
  0.3717890
  0.3736740
  0.3755270
  0.3782440
  0.3836580
  0.3935560
  0.4074380
  0.4220780
  0.4368930
  0.4515990
  0.4660660
  0.4794410
  0.4952440
  0.5093150];
end

